100 7 377
200 11 679
300 16 999
400 20 1288
500 28 1101
600 69 700
700 38 1441
800 43 1702
900 44 2752
1000 83 1053
1100 55 3370
1200 59 3580
1300 70 2796
1400 100 1486
1500 72 4610
1600 81 3399
1700 81 4963
1800 86 5194
1900 96 4028
2000 96 6005
2100 103 6056
2200 105 6460
2300 110 6682
2400 115 7187
2500 160 2658
2600 162 2747
2700 128 7934
2800 133 8167
2900 148 5704
3000 143 8689
3100 147 9031
3200 152 9378
3300 157 9789
3400 161 9716
3500 214 3786
3600 178 7077
3700 186 7191
3800 180 10941
3900 185 11366
4000 190 11525
4100 194 11884
4200 256 4579
4300 207 12393
4400 209 12766
4500 222 8899
4600 217 13336
4700 246 9590
4800 232 13585
4900 233 14062
5000 240 14363
5100 299 5333
5200 245 15079
5300 263 10239
5400 254 15685
5500 259 15493
5600 275 10989
5700 338 6048
5800 273 16514
5900 278 17208
6000 286 17352
6100 361 6318
6200 294 17589
6300 304 18056
6400 374 6812
6500 320 12334
6600 314 18876
6700 318 19151
6800 322 19482
6900 339 13146
7000 396 7248
7100 349 13493
7200 411 7609
7300 408 7427
7400 352 21184
7500 357 21292
7600 361 21790
7700 366 21927
7800 384 14891
7900 375 22372
8000 379 23025
8100 398 15083
8200 389 23575
8300 395 23600
8400 400 24062
8500 477 8784
8600 408 24417
8700 487 8884
8800 497 8988
8900 423 25287
9000 427 25713
9100 509 9458
9200 436 26436
9300 456 17616
9400 445 26463
9500 534 9913
9600 535 10067
9700 476 18073
9800 464 27707
9900 485 18646
