0 0 0
100 0 539
200 0 1031
300 0 1534
400 0 2192
500 0 1879
600 0 1479
700 0 2607
800 1 2893
900 0 4929
1000 0 2383
1100 0 4961
1200 0 6099
1300 2 4865
1400 1 3420
1500 0 7742
1600 4 5927
1700 1 8756
1800 1 9585
1900 5 6894
2000 1 9177
2100 1 11315
2200 1 11156
2300 2 11501
2400 2 12211
2500 6 6028
2600 7 6456
2700 3 12372
2800 3 14239
2900 13 10365
3000 3 13610
3100 3 15712
3200 3 16326
3300 3 18212
3400 4 18306
3500 8 8894
3600 8 13127
3700 54 13393
3800 4 20522
3900 6 17501
4000 6 17997
4100 7 18688
4200 12 10490
4300 7 19187
4400 7 22545
4500 111 16425
4600 7 25225
4700 68 17150
4800 10 21716
4900 8 26452
5000 8 25762
5100 21 12762
5200 11 23698
5300 79 19477
5400 12 24239
5500 11 24376
5600 69 20517
5700 23 14264
5800 15 26085
5900 11 30412
6000 12 32493
6100 27 15156
6200 14 27853
6300 13 34430
6400 27 16387
6500 169 23945
6600 14 35617
6700 15 36353
6800 15 34811
6900 29 25420
7000 36 17751
7100 60 25951
7200 22 18283
7300 40 18324
7400 18 37512
7500 18 38284
7600 15 34312
7700 18 39618
7800 369 28328
7900 20 42901
8000 20 43697
8100 216 29538
8200 46 41965
8300 24 42230
8400 32 37875
8500 41 21363
8600 24 46477
8700 55 21588
8800 45 22063
8900 31 40390
9000 30 40561
9100 61 22896
9200 27 50209
9300 1530 34331
9400 34 41710
9500 65 23548
9600 60 24594
9700 907 35209
9800 38 49792
9900 898 35946
