0 0 0
100 0 539
200 0 1031
300 1 1534
400 2 2192
500 2 1879
600 2 1479
700 4 2607
800 6 2893
900 10 4929
1000 5 2383
1100 13 4961
1200 18 6099
1300 16 4865
1400 11 3420
1500 28 7742
1600 24 5927
1700 36 8756
1800 41 9585
1900 35 6894
2000 47 9177
2100 59 11315
2200 61 11156
2300 68 11501
2400 74 12211
2500 35 6028
2600 38 6456
2700 86 12372
2800 100 14239
2900 82 10365
3000 107 13610
3100 123 15712
3200 135 16326
3300 145 18212
3400 151 18306
3500 70 8894
3600 127 13127
3700 134 13393
3800 192 20522
3900 182 17501
4000 192 17997
4100 207 18688
4200 102 10490
4300 230 19187
4400 252 22545
4500 200 16425
4600 286 25225
4700 220 17150
4800 279 21716
4900 324 26452
5000 328 25762
5100 152 12762
5200 332 23698
5300 280 19477
5400 353 24239
5500 369 24376
5600 310 20517
5700 190 14264
5800 412 26085
5900 458 30412
6000 487 32493
6100 217 15156
6200 467 27853
6300 535 34430
6400 241 16387
6500 421 23945
6600 583 35617
6700 604 36353
6800 615 34811
6900 474 25420
7000 289 17751
7100 508 25951
7200 310 18283
7300 317 18324
7400 730 37512
7500 740 38284
7600 720 34312
7700 783 39618
7800 616 28328
7900 849 42901
8000 891 43697
8100 665 29538
8200 905 41965
8300 925 42230
8400 871 37875
8500 432 21363
8600 1018 46477
8700 454 21588
8800 461 22063
8900 974 40390
9000 1013 40561
9100 496 22896
9200 1161 50209
9300 889 34331
9400 1113 41710
9500 539 23548
9600 552 24594
9700 952 35209
9800 1289 49792
9900 1005 35946
