2 3 37
3 3 189
4 5 72
5 6 128
6 8 161
7 10 165
8 12 90
9 15 116
10 17 157
11 20 145
12 23 182
13 26 194
14 29 192
15 33 202
16 37 237
17 41 206
18 44 214
19 49 165
20 53 239
21 58 195
22 63 222
23 67 214
24 72 270
25 77 300
26 83 255
27 88 329
28 95 302
29 110 300
30 106 290
31 112 231
32 119 317
33 126 320
34 132 302
35 140 357
36 147 309
37 155 307
38 163 366
39 171 366
40 179 372
41 197 377
42 200 297
43 203 379
44 212 410
45 221 373
46 230 381
47 243 382
48 249 381
49 260 392
50 269 345
51 279 403
52 288 383
53 298 380
54 309 350
55 320 423
56 330 386
57 341 451
58 352 415
59 364 414
60 376 432
61 388 395
62 399 460
63 412 529
64 426 458
65 437 490
66 449 475
67 462 470
68 477 468
69 489 491
70 502 492
71 515 459
72 530 548
73 544 626
74 559 534
75 573 539
76 588 543
77 602 512
78 617 513
79 632 533
80 648 604
81 663 557
82 677 620
83 695 528
84 710 560
85 725 552
86 742 503
87 759 621
88 776 598
89 794 618
90 811 646
91 827 577
92 845 635
93 861 652
94 880 649
95 899 687
96 916 673
97 935 689
98 954 644
99 971 591
